LambdaVector
33


            0

           1

           2

           3

           4

           6

           9

          13

          19

          28

          40

          58

          84

         122

         177

         256

         370

         536

         775

        1122

        1624

        2350

        3402

        4923

        7124

       10311

       14922

       21595

       31252

       45228

       65454

       94726

      137088

      198395

      287119

      415522

      601347

      870275

     1259470

     1822716

     2637851

     3817521

     5524751

     7995469

    11571115

    16745822
